2152 241342 4810· 2 724
11459 25 36 49 9··52 73 23
35926295038748

ῧήψᾳ-ὺμ--Όι-ι*

5827 99 55 96 753, 53
45723 25 52 24 76 ,33
556 99 759 2‘77'12'3

όῄω-ψ---ιι -ι-ι

55 392259 ’543 ’49 78 8

534 32 51 55 364792·

8 32 43 56 931186ζὲῂέ

48 33 35 57 10¹ 81 20

10 46 34 2651175732 5
43 35 27 59 44 8313„- 5ο

12 4996 369 3934 34
11 3} 114559 64,Ι 56 85 18

11 29 39 39163 ⁶48 870 47 ·
25 40 29 ⁶4 34 88 31
187 21 Al 19 65 20 89 16

···.·*··‘'·‘·*· ⁶1⁶·-

16 491 9 661· 6 9619

11 21 ’431495 8 6715 552 ·
64 7 ὁδῳ ῳ1ᾋ

36 69 a}
48 47, 14 ’71453

5 459 8x1nspe81onetabulaepraece
ntis manifestum est, lbca ,qvae sunt
4414354445 vlclna, licetpaucist8nt11m mil-
aribus ase mvicem 65454454, notabilem 1

434444 habere longitudinis, 6945, 1311241

idem ¹

 

